1149425.287356 -545977.011494 14367.816092 14367.816092 129310.344828 -129310.344828 28735.632184 -244252.873563 114942.528736 -172413.793103 114942.528736 387931.034483 -158045.977011 14367.816092 114942.528736 0.000000 0.000000 258620.689655 -158045.977011 531609.195402 -14367.816092 0.000000 0.000000 0.000000 0.000000 0.000000 0.000000 0.000000 0.000000 0.000000 0.000000 0.000000 0.000000 0.000000 0.000000 0.000000
-316091.954023 718390.804598 -287356.321839 14367.816092 14367.816092 0.000000 100574.712644 28735.632184 -100574.712644 -114942.528736 -28735.632184 -129310.344828 129310.344828 -14367.816092 -129310.344828 0.000000 0.000000 0.000000 186781.609195 -301724.137931 28735.632184 0.000000 0.000000 0.000000 0.000000 0.000000 0.000000 0.000000 0.000000 0.000000 0.000000 0.000000 0.000000 0.000000 0.000000 0.000000
129310.344828 -287356.321839 431034.482759 -14367.816092 0.000000 14367.816092 -114942.528736 244252.873563 28735.632184 43103.448276 -14367.816092 -28735.632184 -114942.528736 -14367.816092 129310.344828 28735.632184 0.000000 0.000000 -129310.344828 258620.689655 -14367.816092 0.000000 0.000000 0.000000 0.000000 0.000000 0.000000 0.000000 0.000000 0.000000 0.000000 0.000000 0.000000 0.000000 0.000000 0.000000
-272988.505747 28735.632184 129310.344828 1810344.827586 -574712.643678 -704022.988506 14367.816092 0.000000 -387931.034483 287356.321839 229885.057471 -646551.724138 0.000000 0.000000 0.000000 0.000000 0.000000 0.000000 0.000000 0.000000 0.000000 0.000000 0.000000 0.000000 0.000000 0.000000 0.000000 0.000000 0.000000 0.000000 0.000000 0.000000 0.000000 0.000000 0.000000 0.000000
258620.689655 14367.816092 -129310.344828 -574712.643678 373563.218391 143678.160920 0.000000 14367.816092 158045.977011 -229885.057471 -0.000000 373563.218391 0.000000 0.000000 0.000000 0.000000 0.000000 0.000000 0.000000 0.000000 0.000000 0.000000 0.000000 0.000000 0.000000 0.000000 0.000000 0.000000 0.000000 0.000000 0.000000 0.000000 0.000000 0.000000 0.000000 0.000000
14367.816092 -14367.816092 14367.816092 -589080.459770 143678.160920 660919.540230 -43103.448276 272988.505747 158045.977011 -71839.080460 -86206.896552 143678.160920 0.000000 0.000000 0.000000 0.000000 0.000000 0.000000 0.000000 0.000000 0.000000 0.000000 0.000000 0.000000 0.000000 0.000000 0.000000 0.000000 0.000000 0.000000 0.000000 0.000000 0.000000 0.000000 0.000000 0.000000
28735.632184 -28735.632184 14367.816092 -560344.827586 129310.344828 258620.689655 114942.528736 -14367.816092 129310.344828 -0.000000 -143678.160920 143678.160920 0.000000 0.000000 0.000000 0.000000 0.000000 0.000000 0.000000 0.000000 0.000000 0.000000 0.000000 0.000000 0.000000 0.000000 0.000000 0.000000 0.000000 0.000000 0.000000 0.000000 0.000000 0.000000 0.000000 0.000000
-258620.689655 316091.954023 100574.712644 14367.816092 14367.816092 258620.689655 -129310.344828 977011.494253 -158045.977011 -143678.160920 -0.000000 -129310.344828 0.000000 0.000000 0.000000 0.000000 0.000000 0.000000 0.000000 0.000000 0.000000 0.000000 0.000000 0.000000 0.000000 0.000000 0.000000 0.000000 0.000000 0.000000 0.000000 0.000000 0.000000 0.000000 0.000000 0.000000
129310.344828 -244252.873563 28735.632184 28735.632184 28735.632184 14367.816092 14367.816092 -272988.505747 258620.689655 143678.160920 -14367.816092 143678.160920 0.000000 0.000000 0.000000 0.000000 0.000000 0.000000 0.000000 0.000000 0.000000 0.000000 0.000000 0.000000 0.000000 0.000000 0.000000 0.000000 0.000000 0.000000 0.000000 0.000000 0.000000 0.000000 0.000000 0.000000
-172413.793103 -244252.873563 172413.793103 -574712.643678 57471.264368 387931.034483 -0.000000 -258620.689655 258620.689655 517241.379310 -301724.137931 -14367.816092 0.000000 0.000000 0.000000 0.000000 0.000000 0.000000 0.000000 0.000000 0.000000 0.000000 0.000000 0.000000 0.000000 0.000000 0.000000 0.000000 0.000000 0.000000 0.000000 0.000000 0.000000 0.000000 0.000000 0.000000
100574.712644 258620.689655 -158045.977011 517241.379310 0.000000 -373563.218391 -28735.632184 287356.321839 -287356.321839 -416666.666667 373563.218391 14367.816092 0.000000 0.000000 0.000000 0.000000 0.000000 0.000000 0.000000 0.000000 0.000000 0.000000 0.000000 0.000000 0.000000 0.000000 0.000000 0.000000 0.000000 0.000000 0.000000 0.000000 0.000000 0.000000 0.000000 0.000000
402298.850575 -272988.505747 -172413.793103 43103.448276 86206.896552 -143678.160920 28735.632184 -287356.321839 143678.160920 -129310.344828 129310.344828 517241.379310 0.000000 0.000000 0.000000 0.000000 0.000000 0.000000 0.000000 0.000000 0.000000 0.000000 0.000000 0.000000 0.000000 0.000000 0.000000 0.000000 0.000000 0.000000 0.000000 0.000000 0.000000 0.000000 0.000000 0.000000
-14367.816092 -28735.632184 28735.632184 0.000000 0.000000 0.000000 0.000000 0.000000 0.000000 0.000000 0.000000 0.000000 1149425.287356 -545977.011494 14367.816092 14367.816092 129310.344828 -129310.344828 28735.632184 -244252.873563 114942.528736 -172413.793103 114942.528736 387931.034483 -158045.977011 14367.816092 114942.528736 0.000000 0.000000 258620.689655 -158045.977011 531609.195402 -14367.816092 0.000000 0.000000 0.000000
-258620.689655 272988.505747 -158045.977011 0.000000 0.000000 0.000000 0.000000 0.000000 0.000000 0.000000 0.000000 0.000000 -316091.954023 718390.804598 -287356.321839 14367.816092 14367.816092 0.000000 100574.712644 28735.632184 -100574.712644 -114942.528736 -28735.632184 -129310.344828 129310.344828 -14367.816092 -129310.344828 0.000000 0.000000 0.000000 186781.609195 -301724.137931 28735.632184 0.000000 0.000000 0.000000
258620.689655 -272988.505747 129310.344828 0.000000 0.000000 0.000000 0.000000 0.000000 0.000000 0.000000 0.000000 0.000000 129310.344828 -287356.321839 431034.482759 -14367.816092 0.000000 14367.816092 -114942.528736 244252.873563 28735.632184 43103.448276 -14367.816092 -28735.632184 -114942.528736 -14367.816092 129310.344828 28735.632184 0.000000 0.000000 -129310.344828 258620.689655 -14367.816092 0.000000 0.000000 0.000000
0.000000 0.000000 28735.632184 0.000000 0.000000 0.000000 0.000000 0.000000 0.000000 0.000000 0.000000 0.000000 -272988.505747 28735.632184 129310.344828 1810344.827586 -574712.643678 -704022.988506 14367.816092 0.000000 -387931.034483 287356.321839 229885.057471 -646551.724138 0.000000 0.000000 0.000000 0.000000 0.000000 0.000000 0.000000 0.000000 0.000000 0.000000 0.000000 0.000000
0.000000 0.000000 0.000000 0.000000 0.000000 0.000000 0.000000 0.000000 0.000000 0.000000 0.000000 0.000000 258620.689655 14367.816092 -129310.344828 -574712.643678 373563.218391 143678.160920 0.000000 14367.816092 158045.977011 -229885.057471 -0.000000 373563.218391 0.000000 0.000000 0.000000 0.000000 0.000000 0.000000 0.000000 0.000000 0.000000 0.000000 0.000000 0.000000
258620.689655 0.000000 0.000000 0.000000 0.000000 0.000000 0.000000 0.000000 0.000000 0.000000 0.000000 0.000000 14367.816092 -14367.816092 14367.816092 -589080.459770 143678.160920 660919.540230 -43103.448276 272988.505747 158045.977011 -71839.080460 -86206.896552 143678.160920 0.000000 0.000000 0.000000 0.000000 0.000000 0.000000 0.000000 0.000000 0.000000 0.000000 0.000000 0.000000
-14367.816092 57471.264368 0.000000 0.000000 0.000000 0.000000 0.000000 0.000000 0.000000 0.000000 0.000000 0.000000 28735.632184 -28735.632184 14367.816092 -560344.827586 129310.344828 258620.689655 114942.528736 -14367.816092 129310.344828 -0.000000 -143678.160920 143678.160920 0.000000 0.000000 0.000000 0.000000 0.000000 0.000000 0.000000 0.000000 0.000000 0.000000 0.000000 0.000000
517241.379310 -301724.137931 129310.344828 0.000000 0.000000 0.000000 0.000000 0.000000 0.000000 0.000000 0.000000 0.000000 -258620.689655 316091.954023 100574.712644 14367.816092 14367.816092 258620.689655 -129310.344828 977011.494253 -158045.977011 -143678.160920 -0.000000 -129310.344828 0.000000 0.000000 0.000000 0.000000 0.000000 0.000000 0.000000 0.000000 0.000000 0.000000 0.000000 0.000000
0.000000 14367.816092 -14367.816092 0.000000 0.000000 0.000000 0.000000 0.000000 0.000000 0.000000 0.000000 0.000000 129310.344828 -244252.873563 28735.632184 28735.632184 28735.632184 14367.816092 14367.816092 -272988.505747 258620.689655 143678.160920 -14367.816092 143678.160920 0.000000 0.000000 0.000000 0.000000 0.000000 0.000000 0.000000 0.000000 0.000000 0.000000 0.000000 0.000000
0.000000 0.000000 0.000000 0.000000 0.000000 0.000000 0.000000 0.000000 0.000000 0.000000 0.000000 0.000000 -172413.793103 -244252.873563 172413.793103 -574712.643678 57471.264368 387931.034483 0.000000 -258620.689655 258620.689655 517241.379310 -301724.137931 -14367.816092 0.000000 0.000000 0.000000 0.000000 0.000000 0.000000 0.000000 0.000000 0.000000 0.000000 0.000000 0.000000
0.000000 0.000000 0.000000 0.000000 0.000000 0.000000 0.000000 0.000000 0.000000 0.000000 0.000000 0.000000 100574.712644 258620.689655 -158045.977011 517241.379310 0.000000 -373563.218391 -28735.632184 287356.321839 -287356.321839 -416666.666667 373563.218391 14367.816092 0.000000 0.000000 0.000000 0.000000 0.000000 0.000000 0.000000 0.000000 0.000000 0.000000 0.000000 0.000000
0.000000 0.000000 0.000000 0.000000 0.000000 0.000000 0.000000 0.000000 0.000000 0.000000 0.000000 0.000000 402298.850575 -272988.505747 -172413.793103 43103.448276 86206.896552 -143678.160920 28735.632184 -287356.321839 143678.160920 -129310.344828 129310.344828 517241.379310 0.000000 0.000000 0.000000 0.000000 0.000000 0.000000 0.000000 0.000000 0.000000 0.000000 0.000000 0.000000
0.000000 0.000000 0.000000 0.000000 0.000000 0.000000 0.000000 0.000000 0.000000 0.000000 0.000000 0.000000 -14367.816092 -28735.632184 28735.632184 0.000000 0.000000 0.000000 0.000000 0.000000 0.000000 0.000000 0.000000 0.000000 28735.632184 14367.816092 -14367.816092 0.000000 0.000000 0.000000 14367.816092 14367.816092 -14367.816092 0.000000 0.000000 0.000000
0.000000 0.000000 0.000000 0.000000 0.000000 0.000000 0.000000 0.000000 0.000000 0.000000 0.000000 0.000000 -258620.689655 272988.505747 -158045.977011 0.000000 0.000000 0.000000 0.000000 0.000000 0.000000 0.000000 0.000000 0.000000 129310.344828 28735.632184 -129310.344828 0.000000 0.000000 0.000000 129310.344828 -272988.505747 28735.632184 0.000000 0.000000 0.000000
0.000000 0.000000 0.000000 0.000000 0.000000 0.000000 0.000000 0.000000 0.000000 0.000000 0.000000 0.000000 258620.689655 -272988.505747 129310.344828 0.000000 0.000000 0.000000 0.000000 0.000000 0.000000 0.000000 0.000000 0.000000 -129310.344828 -14367.816092 172413.793103 0.000000 0.000000 0.000000 -129310.344828 258620.689655 14367.816092 0.000000 0.000000 0.000000
0.000000 0.000000 0.000000 0.000000 0.000000 0.000000 0.000000 0.000000 0.000000 0.000000 0.000000 0.000000 0.000000 0.000000 28735.632184 0.000000 0.000000 0.000000 0.000000 0.000000 0.000000 0.000000 0.000000 0.000000 0.000000 0.000000 0.000000 1781609.195402 -445402.298851 -833333.333333 14367.816092 0.000000 -387931.034483 14367.816092 387931.034483 -387931.034483
0.000000 0.000000 0.000000 0.000000 0.000000 0.000000 0.000000 0.000000 0.000000 0.000000 0.000000 0.000000 0.000000 0.000000 0.000000 0.000000 0.000000 0.000000 0.000000 0.000000 0.000000 0.000000 0.000000 0.000000 0.000000 0.000000 0.000000 -560344.827586 201149.425287 272988.505747 0.000000 14367.816092 158045.977011 43103.448276 -129310.344828 114942.528736
0.000000 0.000000 0.000000 0.000000 0.000000 0.000000 0.000000 0.000000 0.000000 0.000000 0.000000 0.000000 258620.689655 0.000000 0.000000 0.000000 0.000000 0.000000 0.000000 0.000000 0.000000 0.000000 0.000000 0.000000 0.000000 0.000000 0.000000 -603448.275862 158045.977011 632183.908046 -43103.448276 272988.505747 158045.977011 -43103.448276 -114942.528736 158045.977011
0.000000 0.000000 0.000000 0.000000 0.000000 0.000000 0.000000 0.000000 0.000000 0.000000 0.000000 0.000000 -14367.816092 57471.264368 0.000000 0.000000 0.000000 0.000000 0.000000 0.000000 0.000000 0.000000 0.000000 0.000000 14367.816092 -14367.816092 0.000000 -560344.827586 129310.344828 258620.689655 86206.896552 -14367.816092 129310.344828 14367.816092 -129310.344828 129310.344828
0.000000 0.000000 0.000000 0.000000 0.000000 0.000000 0.000000 0.000000 0.000000 0.000000 0.000000 0.000000 517241.379310 -301724.137931 129310.344828 0.000000 0.000000 0.000000 0.000000 0.000000 0.000000 0.000000 0.000000 0.000000 -129310.344828 14367.816092 129310.344828 14367.816092 14367.816092 258620.689655 -129310.344828 660919.540230 0.000000 -14367.816092 14367.816092 0.000000
0.000000 0.000000 0.000000 0.000000 0.000000 0.000000 0.000000 0.000000 0.000000 0.000000 0.000000 0.000000 0.000000 14367.816092 -14367.816092 0.000000 0.000000 0.000000 0.000000 0.000000 0.000000 0.000000 0.000000 0.000000 0.000000 14367.816092 14367.816092 28735.632184 28735.632184 14367.816092 14367.816092 0.000000 86206.896552 14367.816092 0.000000 14367.816092
0.000000 0.000000 0.000000 0.000000 0.000000 0.000000 0.000000 0.000000 0.000000 0.000000 0.000000 0.000000 0.000000 0.000000 0.000000 0.000000 0.000000 0.000000 0.000000 0.000000 0.000000 0.000000 0.000000 0.000000 0.000000 0.000000 0.000000 -560344.827586 186781.609195 258620.689655 14367.816092 0.000000 129310.344828 28735.632184 -129310.344828 129310.344828
0.000000 0.000000 0.000000 0.000000 0.000000 0.000000 0.000000 0.000000 0.000000 0.000000 0.000000 0.000000 0.000000 0.000000 0.000000 0.000000 0.000000 0.000000 0.000000 0.000000 0.000000 0.000000 0.000000 0.000000 0.000000 0.000000 0.000000 531609.195402 -129310.344828 -258620.689655 0.000000 14367.816092 -129310.344828 -14367.816092 172413.793103 -129310.344828
0.000000 0.000000 0.000000 0.000000 0.000000 0.000000 0.000000 0.000000 0.000000 0.000000 0.000000 0.000000 0.000000 0.000000 0.000000 0.000000 0.000000 0.000000 0.000000 0.000000 0.000000 0.000000 0.000000 0.000000 0.000000 0.000000 0.000000 28735.632184 -28735.632184 14367.816092 14367.816092 -14367.816092 14367.816092 14367.816092 -14367.816092 28735.632184
