3390804.597701 0.000000 0.000000 416666.666667 0.000000 0.000000 445402.298851 0.000000 0.000000 -833333.333333 0.000000 0.000000 -416666.666667 0.000000 0.000000 0.000000 0.000000 0.000000 -416666.666667 0.000000 0.000000 0.000000 0.000000 0.000000 0.000000 0.000000 0.000000 0.000000 0.000000 0.000000 0.000000 0.000000 0.000000 0.000000 0.000000 0.000000
0.000000 287356.321839 0.000000 0.000000 28735.632184 0.000000 0.000000 57471.264368 0.000000 0.000000 -57471.264368 0.000000 0.000000 -28735.632184 0.000000 0.000000 0.000000 0.000000 0.000000 -28735.632184 0.000000 0.000000 0.000000 0.000000 0.000000 0.000000 0.000000 0.000000 0.000000 0.000000 0.000000 0.000000 0.000000 0.000000 0.000000 0.000000
0.000000 0.000000 1063218.390805 0.000000 0.000000 28735.632184 0.000000 0.000000 445402.298851 0.000000 0.000000 -57471.264368 0.000000 0.000000 -28735.632184 0.000000 0.000000 0.000000 0.000000 0.000000 -28735.632184 0.000000 0.000000 0.000000 0.000000 0.000000 0.000000 0.000000 0.000000 0.000000 0.000000 0.000000 0.000000 0.000000 0.000000 0.000000
28735.632184 0.000000 0.000000 172413.793103 0.000000 0.000000 28735.632184 0.000000 0.000000 0.000000 0.000000 0.000000 0.000000 0.000000 0.000000 0.000000 0.000000 0.000000 0.000000 0.000000 0.000000 0.000000 0.000000 0.000000 0.000000 0.000000 0.000000 0.000000 0.000000 0.000000 0.000000 0.000000 0.000000 0.000000 0.000000 0.000000
0.000000 416666.666667 0.000000 0.000000 948275.862069 0.000000 0.000000 28735.632184 0.000000 0.000000 -387931.034483 0.000000 0.000000 0.000000 0.000000 0.000000 0.000000 0.000000 0.000000 0.000000 0.000000 0.000000 0.000000 0.000000 0.000000 0.000000 0.000000 0.000000 0.000000 0.000000 0.000000 0.000000 0.000000 0.000000 0.000000 0.000000
0.000000 0.000000 28735.632184 0.000000 0.000000 1724137.931034 0.000000 0.000000 416666.666667 0.000000 0.000000 387931.034483 0.000000 0.000000 0.000000 0.000000 0.000000 0.000000 0.000000 0.000000 0.000000 0.000000 0.000000 0.000000 0.000000 0.000000 0.000000 0.000000 0.000000 0.000000 0.000000 0.000000 0.000000 0.000000 0.000000 0.000000
57471.264368 0.000000 0.000000 416666.666667 0.000000 0.000000 1005747.126437 0.000000 0.000000 387931.034483 0.000000 0.000000 0.000000 0.000000 0.000000 0.000000 0.000000 0.000000 0.000000 0.000000 0.000000 0.000000 0.000000 0.000000 0.000000 0.000000 0.000000 0.000000 0.000000 0.000000 0.000000 0.000000 0.000000 0.000000 0.000000 0.000000
0.000000 445402.298851 0.000000 0.000000 28735.632184 0.000000 0.000000 1781609.195402 0.000000 0.000000 0.000000 0.000000 0.000000 0.000000 0.000000 0.000000 0.000000 0.000000 0.000000 0.000000 0.000000 0.000000 0.000000 0.000000 0.000000 0.000000 0.000000 0.000000 0.000000 0.000000 0.000000 0.000000 0.000000 0.000000 0.000000 0.000000
0.000000 0.000000 445402.298851 0.000000 0.000000 28735.632184 0.000000 0.000000 1005747.126437 0.000000 0.000000 -387931.034483 0.000000 0.000000 0.000000 0.000000 0.000000 0.000000 0.000000 0.000000 0.000000 0.000000 0.000000 0.000000 0.000000 0.000000 0.000000 0.000000 0.000000 0.000000 0.000000 0.000000 0.000000 0.000000 0.000000 0.000000
-57471.264368 0.000000 0.000000 0.000000 0.000000 0.000000 0.000000 0.000000 0.000000 172413.793103 0.000000 0.000000 0.000000 0.000000 0.000000 0.000000 0.000000 0.000000 0.000000 0.000000 0.000000 0.000000 0.000000 0.000000 0.000000 0.000000 0.000000 0.000000 0.000000 0.000000 0.000000 0.000000 0.000000 0.000000 0.000000 0.000000
0.000000 -445402.298851 0.000000 0.000000 387931.034483 0.000000 0.000000 0.000000 0.000000 0.000000 1724137.931034 0.000000 0.000000 0.000000 0.000000 0.000000 0.000000 0.000000 0.000000 0.000000 0.000000 0.000000 0.000000 0.000000 0.000000 0.000000 0.000000 0.000000 0.000000 0.000000 0.000000 0.000000 0.000000 0.000000 0.000000 0.000000
0.000000 0.000000 -445402.298851 0.000000 0.000000 -387931.034483 0.000000 0.000000 0.000000 0.000000 0.000000 948275.862069 0.000000 0.000000 0.000000 0.000000 0.000000 0.000000 0.000000 0.000000 0.000000 0.000000 0.000000 0.000000 0.000000 0.000000 0.000000 0.000000 0.000000 0.000000 0.000000 0.000000 0.000000 0.000000 0.000000 0.000000
-28735.632184 0.000000 0.000000 0.000000 0.000000 0.000000 0.000000 0.000000 0.000000 0.000000 0.000000 0.000000 3390804.597701 0.000000 0.000000 416666.666667 0.000000 0.000000 445402.298851 0.000000 0.000000 -833333.333333 0.000000 0.000000 -416666.666667 0.000000 0.000000 0.000000 0.000000 0.000000 -416666.666667 0.000000 0.000000 0.000000 0.000000 0.000000
0.000000 -28735.632184 0.000000 0.000000 0.000000 0.000000 0.000000 0.000000 0.000000 0.000000 0.000000 0.000000 0.000000 287356.321839 0.000000 0.000000 28735.632184 0.000000 0.000000 57471.264368 0.000000 0.000000 -57471.264368 0.000000 0.000000 -28735.632184 0.000000 0.000000 0.000000 0.000000 0.000000 -28735.632184 0.000000 0.000000 0.000000 0.000000
0.000000 0.000000 -416666.666667 0.000000 0.000000 0.000000 0.000000 0.000000 0.000000 0.000000 0.000000 0.000000 0.000000 0.000000 1063218.390805 0.000000 0.000000 28735.632184 0.000000 0.000000 445402.298851 0.000000 0.000000 -57471.264368 0.000000 0.000000 -28735.632184 0.000000 0.000000 0.000000 0.000000 0.000000 -28735.632184 0.000000 0.000000 0.000000
0.000000 0.000000 0.000000 0.000000 0.000000 0.000000 0.000000 0.000000 0.000000 0.000000 0.000000 0.000000 28735.632184 0.000000 0.000000 172413.793103 0.000000 0.000000 28735.632184 0.000000 0.000000 0.000000 0.000000 0.000000 0.000000 0.000000 0.000000 0.000000 0.000000 0.000000 0.000000 0.000000 0.000000 0.000000 0.000000 0.000000
0.000000 0.000000 0.000000 0.000000 0.000000 0.000000 0.000000 0.000000 0.000000 0.000000 0.000000 0.000000 0.000000 416666.666667 0.000000 0.000000 948275.862069 0.000000 0.000000 28735.632184 0.000000 0.000000 -387931.034483 0.000000 0.000000 0.000000 0.000000 0.000000 0.000000 0.000000 0.000000 0.000000 0.000000 0.000000 0.000000 0.000000
0.000000 0.000000 0.000000 0.000000 0.000000 0.000000 0.000000 0.000000 0.000000 0.000000 0.000000 0.000000 0.000000 0.000000 28735.632184 0.000000 0.000000 1724137.931034 0.000000 0.000000 416666.666667 0.000000 0.000000 387931.034483 0.000000 0.000000 0.000000 0.000000 0.000000 0.000000 0.000000 0.000000 0.000000 0.000000 0.000000 0.000000
-28735.632184 0.000000 0.000000 0.000000 0.000000 0.000000 0.000000 0.000000 0.000000 0.000000 0.000000 0.000000 57471.264368 0.000000 0.000000 416666.666667 0.000000 0.000000 1005747.126437 0.000000 0.000000 387931.034483 0.000000 0.000000 0.000000 0.000000 0.000000 0.000000 0.000000 0.000000 0.000000 0.000000 0.000000 0.000000 0.000000 0.000000
0.000000 -416666.666667 0.000000 0.000000 0.000000 0.000000 0.000000 0.000000 0.000000 0.000000 0.000000 0.000000 0.000000 445402.298851 0.000000 0.000000 28735.632184 0.000000 0.000000 1781609.195402 0.000000 0.000000 0.000000 0.000000 0.000000 0.000000 0.000000 0.000000 0.000000 0.000000 0.000000 0.000000 0.000000 0.000000 0.000000 0.000000
0.000000 0.000000 -28735.632184 0.000000 0.000000 0.000000 0.000000 0.000000 0.000000 0.000000 0.000000 0.000000 0.000000 0.000000 445402.298851 0.000000 0.000000 28735.632184 0.000000 0.000000 1005747.126437 0.000000 0.000000 -387931.034483 0.000000 0.000000 0.000000 0.000000 0.000000 0.000000 0.000000 0.000000 0.000000 0.000000 0.000000 0.000000
0.000000 0.000000 0.000000 0.000000 0.000000 0.000000 0.000000 0.000000 0.000000 0.000000 0.000000 0.000000 -57471.264368 0.000000 0.000000 0.000000 0.000000 0.000000 0.000000 0.000000 0.000000 172413.793103 0.000000 0.000000 0.000000 0.000000 0.000000 0.000000 0.000000 0.000000 0.000000 0.000000 0.000000 0.000000 0.000000 0.000000
0.000000 0.000000 0.000000 0.000000 0.000000 0.000000 0.000000 0.000000 0.000000 0.000000 0.000000 0.000000 0.000000 -445402.298851 0.000000 0.000000 387931.034483 0.000000 0.000000 0.000000 0.000000 0.000000 1724137.931034 0.000000 0.000000 0.000000 0.000000 0.000000 0.000000 0.000000 0.000000 0.000000 0.000000 0.000000 0.000000 0.000000
0.000000 0.000000 0.000000 0.000000 0.000000 0.000000 0.000000 0.000000 0.000000 0.000000 0.000000 0.000000 0.000000 0.000000 -445402.298851 0.000000 0.000000 -387931.034483 0.000000 0.000000 0.000000 0.000000 0.000000 948275.862069 0.000000 0.000000 0.000000 0.000000 0.000000 0.000000 0.000000 0.000000 0.000000 0.000000 0.000000 0.000000
0.000000 0.000000 0.000000 0.000000 0.000000 0.000000 0.000000 0.000000 0.000000 0.000000 0.000000 0.000000 -28735.632184 0.000000 0.000000 0.000000 0.000000 0.000000 0.000000 0.000000 0.000000 0.000000 0.000000 0.000000 57471.264368 0.000000 0.000000 0.000000 0.000000 0.000000 28735.632184 0.000000 0.000000 0.000000 0.000000 0.000000
0.000000 0.000000 0.000000 0.000000 0.000000 0.000000 0.000000 0.000000 0.000000 0.000000 0.000000 0.000000 0.000000 -28735.632184 0.000000 0.000000 0.000000 0.000000 0.000000 0.000000 0.000000 0.000000 0.000000 0.000000 0.000000 57471.264368 0.000000 0.000000 0.000000 0.000000 0.000000 28735.632184 0.000000 0.000000 0.000000 0.000000
0.000000 0.000000 0.000000 0.000000 0.000000 0.000000 0.000000 0.000000 0.000000 0.000000 0.000000 0.000000 0.000000 0.000000 -416666.666667 0.000000 0.000000 0.000000 0.000000 0.000000 0.000000 0.000000 0.000000 0.000000 0.000000 0.000000 833333.333333 0.000000 0.000000 0.000000 0.000000 0.000000 416666.666667 0.000000 0.000000 0.000000
0.000000 0.000000 0.000000 0.000000 0.000000 0.000000 0.000000 0.000000 0.000000 0.000000 0.000000 0.000000 0.000000 0.000000 0.000000 0.000000 0.000000 0.000000 0.000000 0.000000 0.000000 0.000000 0.000000 0.000000 0.000000 0.000000 0.000000 114942.528736 0.000000 0.000000 28735.632184 0.000000 0.000000 28735.632184 0.000000 0.000000
0.000000 0.000000 0.000000 0.000000 0.000000 0.000000 0.000000 0.000000 0.000000 0.000000 0.000000 0.000000 0.000000 0.000000 0.000000 0.000000 0.000000 0.000000 0.000000 0.000000 0.000000 0.000000 0.000000 0.000000 0.000000 0.000000 0.000000 0.000000 114942.528736 0.000000 0.000000 28735.632184 0.000000 0.000000 28735.632184 0.000000
0.000000 0.000000 0.000000 0.000000 0.000000 0.000000 0.000000 0.000000 0.000000 0.000000 0.000000 0.000000 0.000000 0.000000 0.000000 0.000000 0.000000 0.000000 0.000000 0.000000 0.000000 0.000000 0.000000 0.000000 0.000000 0.000000 0.000000 0.000000 0.000000 1666666.666667 0.000000 0.000000 416666.666667 0.000000 0.000000 416666.666667
0.000000 0.000000 0.000000 0.000000 0.000000 0.000000 0.000000 0.000000 0.000000 0.000000 0.000000 0.000000 -28735.632184 0.000000 0.000000 0.000000 0.000000 0.000000 0.000000 0.000000 0.000000 0.000000 0.000000 0.000000 28735.632184 0.000000 0.000000 416666.666667 0.000000 0.000000 948275.862069 0.000000 0.000000 416666.666667 0.000000 0.000000
0.000000 0.000000 0.000000 0.000000 0.000000 0.000000 0.000000 0.000000 0.000000 0.000000 0.000000 0.000000 0.000000 -416666.666667 0.000000 0.000000 0.000000 0.000000 0.000000 0.000000 0.000000 0.000000 0.000000 0.000000 0.000000 416666.666667 0.000000 0.000000 28735.632184 0.000000 0.000000 1724137.931034 0.000000 0.000000 28735.632184 0.000000
0.000000 0.000000 0.000000 0.000000 0.000000 0.000000 0.000000 0.000000 0.000000 0.000000 0.000000 0.000000 0.000000 0.000000 -28735.632184 0.000000 0.000000 0.000000 0.000000 0.000000 0.000000 0.000000 0.000000 0.000000 0.000000 0.000000 28735.632184 0.000000 0.000000 28735.632184 0.000000 0.000000 172413.793103 0.000000 0.000000 28735.632184
0.000000 0.000000 0.000000 0.000000 0.000000 0.000000 0.000000 0.000000 0.000000 0.000000 0.000000 0.000000 0.000000 0.000000 0.000000 0.000000 0.000000 0.000000 0.000000 0.000000 0.000000 0.000000 0.000000 0.000000 0.000000 0.000000 0.000000 28735.632184 0.000000 0.000000 28735.632184 0.000000 0.000000 57471.264368 0.000000 0.000000
0.000000 0.000000 0.000000 0.000000 0.000000 0.000000 0.000000 0.000000 0.000000 0.000000 0.000000 0.000000 0.000000 0.000000 0.000000 0.000000 0.000000 0.000000 0.000000 0.000000 0.000000 0.000000 0.000000 0.000000 0.000000 0.000000 0.000000 0.000000 416666.666667 0.000000 0.000000 416666.666667 0.000000 0.000000 833333.333333 0.000000
0.000000 0.000000 0.000000 0.000000 0.000000 0.000000 0.000000 0.000000 0.000000 0.000000 0.000000 0.000000 0.000000 0.000000 0.000000 0.000000 0.000000 0.000000 0.000000 0.000000 0.000000 0.000000 0.000000 0.000000 0.000000 0.000000 0.000000 0.000000 0.000000 28735.632184 0.000000 0.000000 28735.632184 0.000000 0.000000 57471.264368
